# This file may be used to create an environment using:
# $ conda create --name <env> --file <this file>
# platform: linux-64
cffi=1.11.2=py36_intel_2
cuda90=1.0=h6433d27_0
cython=0.27.3=py36_intel_3
daal=2018.0.2.20180124=0
icc_rt=2018.0.2=intel_0
intelpython=2018.0.2=0
libffi=3.2.1=intel_8
mkl=2018.0.2=intel_1
mkl_fft=1.0.1=np114py36_intel_0
mkl_random=1.0.1=np114py36_intel_0
numpy=1.14.0=py36_intel_3
openmp=2018.0.0=intel_8
openssl=1.0.2n=intel_0
pip=9.0.1=py36_intel_0
pycparser=2.18=py36_intel_0
pydaal=2018.0.2.20180124=np114py36_intel_0
python=3.6.3=intel_8
pytorch=0.3.1=py36_cuda9.0.176_cudnn7.0.5_2
scikit-learn=0.19.1=np114py36_intel_22
scipy=1.0.0=np114py36_intel_2
setuptools=27.2.0=py36_intel_0
sqlite=3.20.1=intel_0
tbb=2018.0.1=py36_intel_4
tcl=8.6.4=intel_19
tk=8.6.4=intel_26
wheel=0.29.0=py36_intel_5
xz=5.2.3=intel_0
zlib=1.2.11=intel_3
